TPAR
20150906.2100 2.38 12.6 150 30

20150907.0000 2.38 12.6 150 30
20150907.0300 2.29 12.5 135 30 
20150907.0600 2.09 12.5 135 30
20150907.0900 1.88 12.0 145 30
20150907.1200 1.74 11.8 150 30
20150907.1500 1.65 11.7 160 30
20150907.1800 1.56 11.6 160 30
20150907.2100 1.51 11.5 155 30

20150908.0000 1.47 11.4 135 30
20150908.0300 1.44 7.8 125 30 
20150908.0600 1.46 7.9 100 30
20150908.0900 1.45 8.0 91 30
20150908.1200 1.37 8.0 90 30
20150908.1500 1.25 8.0 90 30
20150908.1800 1.23 8.6 91 30
20150908.2100 1.26 8.7 91 30

20150909.0000 1.23 8.7 90 30
20150909.0300 1.26 9.0 88 30
20150909.0600 1.23 13.5 88 30
20150909.0900 1.12 13.3 89 30
20150909.1200 1.05 12.9 89 30
20150909.1500 1.10 9.4 83 30
20150909.1800 1.18 9.5 79 30
20150909.2100 1.10 9.5 80 30

20150910.0000 1.00 9.5 81 30
20150910.0300 0.89 9.5 83 30
20150910.0600 0.82 9.5 85 30
20150910.0900 0.77 7.5 86 30
20150910.1200 0.74 7.4 88 30
20150910.1500 0.74 7.4 89 30
20150910.1800 0.76 7.2 91 30
20150910.2100 0.79 6.9 91 30

20150911.0000 0.87 7.1 88 30
20150911.0300 1.05 7.3 79 30
20150911.0600 1.15 7.1 77 30
20150911.0900 1.35 7.3 79 30
20150911.1200 1.41 8.4 80 30
20150911.1500 1.33 7.7 81 30
20150911.1800 1.18 8.2 81 30
20150911.2100 1.06 8.5 81 30




