TPAR
20150827.0000 2.89 11.8 162 30
20150827.0300 2.81 11.7 160 30 
20150827.0600 2.68 11.6 155 30
20150827.0900 2.57 11.5 150 30
20150827.1200 2.50 11.4 143 30
20150827.1500 2.49 10.9 134 30
20150827.1800 2.41 10.7 128 30
20150827.2100 2.20 10.5 128 30

20150828.0000 1.98 10.5 128 30
20150828.0300 1.78 10.5 130 30
20150828.0600 1.62 10.5 127 30
20150828.0900 1.52 8.0 125 30
20150828.1200 1.47 8.0 124 30
20150828.1500 1.53 8.0 130 30
20150828.1800 1.54 8.1 133 30
20150828.2100 1.58 8.2 135 30

20150829.0000 1.61 8.3 135 30
20150829.0300 1.60 8.4 135 30
20150829.0600 1.57 8.3 135 30
20150829.0900 1.54 8.3 135 30
20150829.1200 1.50 8.2 135 30
20150829.1500 1.47 8.1 137 30
20150829.1800 1.46 8.1 150 30
20150829.2100 1.47 8.1 155 30

20150830.0000 1.52 8.2 158 30
20150830.0300 1.64 8.3 160 30
20150830.0600 1.68 9.0 162 30
20150830.0900 1.65 10.0 164 30
20150830.1200 1.56 9.3 164 30
20150830.1500 1.47 9.2 160 30
20150830.1800 1.39 9.1 155 30
20150830.2100 1.36 8.8 128 30

20150831.0000 1.36 8.6 107 30
20150831.0300 1.34 8.5 100 30
20150831.0600 1.31 8.5 95 30
20150831.0900 1.24 8.4 91 30
20150831.1200 1.16 8.2 91 30
20150831.1500 1.10 8.2 90 30
20150831.1800 1.08 8.2 90 30
20150831.2100 1.08 8.2 89 30


