TPAR
20150825.0000 1.58 9.3 150 30
20150825.0300 1.61 9.3 160 30 
20150825.0600 1.96 14.0 178 30
20150825.0900 2.80 13.5 183 30
20150825.1200 3.18 12.7 186 30
20150825.1500 3.08 12.4 186 30
20150825.1800 2.89 11.8 186 30
20150825.2100 2.74 11.6 185 30

20150826.0000 2.74 11.5 183 30
20150826.0300 2.94 13.0 181 30
20150826.0600 3.08 13.0 180 30
20150826.0900 3.10 12.7 180 30
20150826.1200 3.04 12.5 179 30
20150826.1500 2.92 12.3 178 30
20150826.1800 2.79 11.9 178 30
20150826.2100 2.70 11.8 171 30

20150827.0000 2.62 11.8 168 30
20150827.0300 2.55 11.7 160 30
20150827.0600 2.45 11.5 156 30
20150827.0900 2.36 11.5 148 30
20150827.1200 2.31 11.3 145 30
20150827.1500 2.34 10.9 131 30
20150827.1800 2.29 10.9 128 30
20150827.2100 2.15 10.9 118 30

20150828.0000 1.88 10.9 118 30
20150828.0300 1.71 10.9 128 30
20150828.0600 1.58 10.9 129 30
20150828.0900 1.42 7.6 128 30
20150828.1200 1.28 7.7 125 30
20150828.1500 1.20 7.7 115 30
20150828.1800 1.14 7.7 105 30
20150828.2100 1.09 7.8 105 30

20150829.0000 1.06 7.9 105 30
20150829.0300 1.03 8.0 105 30
20150829.0600 1.00 8.0 105 30
20150829.0900 1.10 8.7 131 30
20150829.1200 1.48 8.9 179 30
20150829.1500 1.74 9.2 182 30
20150829.1800 1.83 10.1 185 30
20150829.2100 1.87 10.2 181 30