TPAR
20151125.2100 1.61 13.8 170 30

20151126.0000 1.61 12.8 170 30
20151126.0300 1.64 12.6 175 30
20151126.0600 1.65 12.4 178 30
20151126.0900 1.69 11.8 179 30
20151126.1200 1.75 11.6 179 30
20151126.1500 1.78 11.4 179 30
20151126.1800 1.79 11.2 179 30
20151126.2100 1.80 10.9 178 30

20151127.0000 1.79 10.9 177 30
20151127.0300 1.75 10.8 177 30
20151127.0600 1.72 10.8 177 30
20151127.0900 1.70 10.7 177 30
20151127.1200 1.68 10.3 176 30
20151127.1500 1.68 10.3 168 30
20151127.1800 1.71 10.2 167 30
20151127.2100 1.74 10.2 150 30

20151128.0000 1.73 10.2 138 30
20151128.0300 1.69 10.2 128 30
20151128.0600 1.63 10.2 130 30
20151128.0900 1.59 10.1 112 30
20151128.1200 1.59 10.0 100 30
20151128.1500 1.61 9.9 96 30
20151128.1800 1.73 9.7 91 30
20151128.2100 1.80 5.3 91 30

20151129.0000 1.78 5.5 89 30
20151129.0300 1.71 5.6 88 30
20151129.0600 1.57 5.8 88 30
20151129.0900 1.39 5.9 88 30
20151129.1200 1.25 6.0 89 30
20151129.1500 1.12 7.1 89 30
20151129.1800 1.04 7.1 91 30
20151129.2100 1.19 15.4 160 30

20151130.0000 1.19 15.3 179 30
20151130.0300 1.16 4.9 185 30
20151130.0600 1.12 4.9 187 30
20151130.0900 1.05 5.0 186 30
20151130.1200 1.05 5.6 187 30
20151130.1500 1.15 6.2 190 30
20151130.1800 1.27 6.7 190 30
20151130.2100 1.47 13.6 186 30
