TPAR
20150911.2100 0.96 8.0 85 30

20150912.0000 0.96 8.0 85 30
20150912.0300 0.89 8.1 85 30 
20150912.0600 0.88 8.0 90 30
20150912.0900 1.10 8.0 145 30
20150912.1200 1.43 4.8 170 30
20150912.1500 1.86 7.0 180 30
20150912.1800 2.44 8.5 188 30
20150912.2100 2.73 9.2 190 30

20150913.0000 2.75 9.4 189 30
20150913.0300 2.66 9.4 187 30 
20150913.0600 2.55 9.4 186 30
20150913.0900 2.45 9.5 186 30
20150913.1200 2.41 9.7 184 30
20150913.1500 2.44 10.0 188 30
20150913.1800 2.51 11.2 188 30
20150913.2100 2.57 11.3 188 30

20150914.0000 2.60 11.4 186 30
20150914.0300 2.62 11.5 185 30
20150914.0600 2.62 11.7 185 30
20150914.0900 2.63 12.0 183 30
20150914.1200 2.65 11.8 182 30
20150914.1500 2.66 11.6 181 30
20150914.1800 2.68 11.6 180 30
20150914.2100 2.73 11.6 179 30

20150915.0000 2.74 11.8 178 30
20150915.0300 2.68 12.0 171 30
20150915.0600 2.62 11.8 168 30
20150915.0900 2.54 11.7 165 30
20150915.1200 2.43 11.6 155 30
20150915.1500 2.34 11.5 133 30
20150915.1800 2.27 11.0 125 30
20150915.2100 2.12 10.9 118 30

20150916.0000 2.17 10.8 100 30
20150916.0300 2.07 10.8 100 30
20150916.0600 1.94 12.5 110 30
20150916.0900 1.83 12.5 112 30
20150916.1200 1.77 12.5 120 30
20150916.1500 1.73 12.4 121 30
20150916.1800 1.69 12.2 120 30
20150916.2100 1.63 11.9 120 30

