TPAR
20150913.2100 0.00 0.0 0 00

20150914.0000 2.66 11.4 186 30
20150914.0300 2.67 11.5 186 30 
20150914.0600 2.68 11.7 186 30
20150914.0900 2.69 11.9 186 30
20150914.1200 2.70 11.8 186 30
20150914.1500 2.70 11.7 184 30
20150914.1800 2.72 11.7 183 30
20150914.2100 2.75 11.8 181 30

20150915.0000 2.75 11.9 180 30
20150915.0300 2.71 11.9 179 30 
20150915.0600 2.61 11.8 178 30
20150915.0900 2.48 11.5 178 30
20150915.1200 2.37 11.4 175 30
20150915.1500 2.30 11.3 169 30
20150915.1800 2.25 11.0 155 30
20150915.2100 2.22 10.9 120 30

20150916.0000 2.18 10.7 105 30
20150916.0300 2.09 10.9 104 30
20150916.0600 1.96 12.4 120 30
20150916.0900 1.85 12.4 128 30
20150916.1200 1.77 12.2 128 30
20150916.1500 1.73 12.1 128 30
20150916.1800 1.71 12.1 126 30
20150916.2100 1.76 11.9 110 30

20150917.0000 1.87 11.8 95 30
20150917.0300 1.85 11.6 92 30
20150917.0600 1.77 11.5 92 30
20150917.0900 1.68 11.4 91 30
20150917.1200 1.64 11.2 91 30
20150917.1500 1.60 11.0 91 30
20150917.1800 1.59 11.0 91 30
20150917.2100 1.67 11.0 90 30

20150918.0000 1.78 11.0 90 30
20150918.0300 1.77 11.1 91 30
20150918.0600 1.67 12.0 92 30
20150918.0900 1.61 13.5 95 30
20150918.1200 1.58 13.3 105 30
20150918.1500 1.57 12.6 110 30
20150918.1800 1.56 12.5 123 30
20150918.2100 1.61 12.3 110 30