TPAR
20151206.2100 1.22 9.8 160 30

20151207.0000 1.22 9.8 160 30
20151207.0300 1.16 9.6 150 30
20151207.0600 1.14 9.5 155 30
20151207.0900 1.22 9.5 163 30
20151207.1200 1.44 5.0 175 30
20151207.1500 1.52 5.4 178 30
20151207.1800 1.44 5.6 179 30
20151207.2100 1.32 5.5 179 30

20151208.0000 1.22 8.5 179 30
20151208.0300 1.14 8.3 179 30
20151208.0600 1.10 8.0 181 30
20151208.0900 1.17 12.7 183 30
20151208.1200 1.50 12.1 190 30
20151208.1500 1.91 11.8 194 30
20151208.1800 2.16 11.5 194 30
20151208.2100 2.23 11.3 194 30

20151209.0000 2.20 11.0 194 30
20151209.0300 2.15 10.6 190 30
20151209.0600 2.18 10.5 185 30
20151209.0900 2.19 11.4 183 30
20151209.1200 2.20 11.6 181 30
20151209.1500 2.17 10.9 180 30
20151209.1800 2.18 10.7 179 30
20151209.2100 2.19 10.6 172 30

20151210.0000 2.14 10.6 168 30
20151210.0300 2.06 10.5 160 30
20151210.0600 1.92 10.3 160 30
20151210.0900 1.74 10.1 160 30
20151210.1200 1.56 9.8 160 30
20151210.1500 1.41 9.7 168 30
20151210.1800 1.30 9.6 170 30
20151210.2100 1.22 9.4 170 30

20151211.0000 1.13 9.3 170 30
20151211.0300 1.05 9.2 170 30
20151211.0600 0.99 9.1 172 30
20151211.0900 0.92 9.1 173 30
20151211.1200 0.85 8.9 175 30
20151211.1500 0.91 8.7 183 30
20151211.1800 1.21 8.0 225 30
20151211.2100 1.36 4.9 225 30
