TPAR
20150831.0000 0.71 4.0 77 30
20150831.0300 0.69 4.1 75 30 
20150831.0600 0.63 4.3 75 30
20150831.0900 0.58 4.9 78 30
20150831.1200 0.54 5.2 79 30
20150831.1500 0.50 5.3 79 30
20150831.1800 0.48 5.4 80 30
20150831.2100 0.53 5.9 79 30

20150901.0000 0.65 6.0 78 30
20150901.0300 0.71 6.0 79 30 
20150901.0600 0.75 6.4 79 30
20150901.0900 0.74 6.5 79 30
20150901.1200 0.72 6.6 80 30
20150901.1500 0.70 6.7 85 30
20150901.1800 0.74 9.8 91 30
20150901.2100 0.95 8.0 178 30

20150902.0000 1.18 3.7 182 30
20150902.0300 1.42 4.5 181 30
20150902.0600 1.66 5.2 180 30
20150902.0900 1.79 6.0 180 30
20150902.1200 1.96 7.1 181 30
20150902.1500 2.34 8.0 181 30
20150902.1800 3.21 11.0 180 30
20150902.2100 4.14 12.0 180 30

20150903.0000 4.62 13.9 180 30
20150903.0300 4.65 13.7 181 30
20150903.0600 4.43 13.0 181 30
20150903.0900 4.20 12.9 181 30
20150903.1200 4.00 12.8 181 30
20150903.1500 3.80 12.8 181 30
20150903.1800 3.62 12.7 181 30
20150903.2100 3.46 12.6 181 30

20150904.0000 3.28 12.5 180 30
20150904.0300 3.10 12.0 180 30
20150904.0600 2.92 11.7 179 30
20150904.0900 2.69 11.6 179 30
20150904.1200 2.52 11.4 179 30
20150904.1500 2.36 11.3 179 30
20150904.1800 2.21 10.9 179 30
20150904.2100 2.12 10.8 179 30




