TPAR
20150920.2100 0.00 0.0 0 00

20150921.0000 2.67 13.0 170 30
20150921.0300 2.55 13.2 170 30 
20150921.0600 2.40 13.0 170 30
20150921.0900 2.26 12.9 179 30
20150921.1200 2.15 12.8 179 30
20150921.1500 2.06 12.5 179 30
20150921.1800 2.01 12.4 179 30
20150921.2100 1.98 12.4 175 30

20150922.0000 1.98 12.3 175 30
20150922.0300 2.00 12.2 173 30 
20150922.0600 2.05 12.0 173 30
20150922.0900 2.13 13.8 175 30
20150922.1200 2.19 13.9 180 30
20150922.1500 2.17 13.8 179 30
20150922.1800 2.08 13.0 179 30
20150922.2100 2.02 12.4 177 30

20150923.0000 2.03 12.3 175 30
20150923.0300 2.06 12.2 170 30
20150923.0600 2.04 12.1 170 30
20150923.0900 2.01 12.1 170 30
20150923.1200 1.97 12.1 175 30
20150923.1500 1.93 11.8 175 30
20150923.1800 1.89 11.6 175 30
20150923.2100 1.88 11.3 165 30

20150924.0000 1.91 11.2 133 30
20150924.0300 1.90 10.9 123 30
20150924.0600 1.84 10.7 123 30
20150924.0900 1.80 10.5 130 30
20150924.1200 1.91 15.5 145 30
20150924.1500 2.20 15.1 168 30
20150924.1800 2.42 14.6 170 30
20150924.2100 2.50 14.1 168 30

20150925.0000 2.53 13.8 168 30
20150925.0300 2.50 13.6 168 30
20150925.0600 2.40 13.0 168 30
20150925.0900 2.27 12.8 165 30
20150925.1200 2.13 12.7 165 30
20150925.1500 2.01 12.5 165 30
20150925.1800 1.90 12.4 165 30
20150925.2100 1.80 11.8 165 30